# Mon May 12 13:13:23 2003

0.0000000000000e+000 9.9453146383711e+006
1.0107375000000e-002 1.0053545400632e+007
2.0211374000000e-002 9.9475746573179e+006
3.0315250000000e-002 1.0051184341654e+007
4.0418752000000e-002 9.9500284997072e+006
5.0525375000000e-002 1.0048588691478e+007
6.0629874000000e-002 9.9527328766918e+006
7.0733748000000e-002 1.0045819834233e+007
8.0837503000000e-002 9.9556071710602e+006
9.0941250000000e-002 1.0042858508261e+007
1.0104525000000e-001 9.9586672725431e+006
1.1114900000000e-001 1.0039721568349e+007